camera_matrix:
  cols: 3
  data: [4247.34391, 0.0, 1872.32624,
  0.0, 4244.03498, 888.057648,
    0.0, 0.0, 1.0]
  rows: 3
camera_name: front_camera
distortion_coefficients:
  cols: 1
  data: [-0.5073313, 0.41420746, 0.00385624, 0.00358224, -1.69381974]
  rows: 5
distortion_model: plumb_bob
image_height: 1080
image_width: 1920
projection_matrix:
  cols: 3
  data: [1.0, 0.0, 0.0, 0.0, 1.0, 0.0, 0.0, 0.0, 1.0]
  rows: 3
rectification_matrix:
  cols: 3
  data: [1.0, 0.0, 0.0, 0.0, 1.0, 0.0, 0.0, 0.0, 1.0]
  rows: 3
